0.000291494538619244
0.00027886813018526
0.000229896578326844
0.000237516944548584
0.000347888009662376
0.000216248599058786
0.000246564403810491
0.000283045871721227
0.000231158011231756
0.000219929360188988
0.000216248599058786
0.000216248599058786
0.000665472293957908
0.000280257259444431
0.000344795687137612
0.000226132987129014
0.000190205445295538
0.000200657564454297
0.000201836167291581
0.000205392683320342
0.000255780974460472
0.000254453967752021
0.000203018221381684
0.000243962159185857
0.000292914729153776
0.000484728458262416
0.000436599012091547
0.000355679212898598
0.00031463173750989
0.000501330709942525
0.000389344458509995
0.000322043302936152
0.000421114966324411
0.000440077874931907
0.000461240957210762
0.00027610022542537
0.000313159778183091
0.000292914729153776
0.000262467776794993
0.00029007779933753
0.000373123570266255
0.000381190873727902
0.000358819852962812
0.000354114069745718
0.000259782702102731
0.000283045871721227
0.000322043302936152
0.000300067450618702
0.000322043302936152
0.000257111432421741
0.000226132987129014
0.000298630003820081
0.000298630003820081
0.000270605830939406
0.000266521273229519
